$ 65 1e-8 0.26073472713092677 71 15 50 5e-11
O 1248 336 1296 336 0 0
R 1040 320 1040 288 0 0 40 15 0 0 0.5
r 1088 320 1040 320 0 1000000
O 1088 192 1008 192 0 0
a 1088 336 1200 336 8 15 -15 1000000 -0.2486823511331896 -3.0612818867252156 100000
S 1088 192 1088 128 0 0 false 0 6
c 960 80 960 16 2 1.1000000000000001e-9 -0.2486823511331896 0.001
c 1024 80 1024 16 2 1.1000000000000001e-8 0.22044199147718363 0.001
c 1088 80 1088 16 2 1.11e-7 -0.6712640939055089 0.001
c 1152 80 1152 16 2 0.00000112 -1.1370600294854352 0.001
c 1216 80 1216 16 2 0.000009999999999999999 -2.200252015600688 0.001
w 1056 128 960 128 0
w 960 128 960 80 0
w 1024 80 1024 96 0
w 1024 96 1072 96 0
w 1072 96 1072 128 0
w 1088 80 1088 128 0
w 1152 96 1104 96 0
w 1104 96 1104 128 0
w 1152 96 1152 80 0
w 1216 80 1216 112 0
w 1216 112 1120 112 0
w 1120 112 1120 128 0
g 960 16 960 -16 0 0
w 960 16 1024 16 0
w 1024 16 1088 16 0
w 1088 16 1152 16 0
w 1152 16 1216 16 0
w 1200 336 1248 336 0
S 1248 336 1248 272 0 0 false 0 2
w 1088 272 1088 192 0
w 1088 272 1088 320 0
r 1088 272 1152 272 0 1000
174 1152 272 1216 272 1 10000 0.005 50_duty
w 1184 256 1216 256 0
w 1216 256 1216 272 0
w 1216 272 1232 272 0
r 1088 400 1024 400 0 1000
g 1024 400 1024 432 0 0
w 1088 352 1088 400 0
r 1088 400 1152 400 0 3900
w 1152 400 1248 400 0
w 1248 400 1248 336 0
d 1328 272 1392 272 2 default
d 1392 224 1328 224 2 default
174 1456 272 1392 256 1 10000 0.005 duty2
174 1392 224 1456 224 1 10000 0.5990000000000001 duty1
w 1456 224 1456 240 0
w 1456 272 1456 256 0
w 1264 272 1328 272 0
w 1328 272 1328 224 0
w 1424 208 1424 192 0
w 1424 192 1456 192 0
w 1456 192 1456 224 0
w 1456 240 1424 240 0
w 1424 240 1424 256 0
w 1456 256 1456 240 0
w 1424 192 1152 192 0
r 1088 192 1152 192 0 250
o 0 4 0 37898 20 0.1 0 1
o 3 1 0 13322 3.1536634284503062 0.0001 1 1
o 30 1 0 20481 5 0.025 2 2 30 3
