$ 65 1.0000000000000001e-7 1.3241202019156522 71 15 50 5e-11
O 1520 352 1568 352 0 0
R 1040 320 1040 288 0 0 40 15 0 0 0.5
r 1088 320 1040 320 0 1000000
O 1088 192 1008 192 0 0
a 1088 336 1200 336 8 14 -14 1000000 -0.45781044791172104 -2.845576984279195 100000
S 1088 192 1088 128 0 0 false 0 6
c 960 80 960 16 2 1.155e-9 -0.45781044791172104 0.001
c 1024 80 1024 16 2 1.5e-8 -0.4421346345945192 0.001
c 1088 80 1088 16 2 1.5000000000000002e-7 1.377065065856035 0.001
c 1152 80 1152 16 2 0.0000015 -2.1521155265236755 0.001
c 1216 80 1216 16 2 0.000015000000000000002 -2.262311731665504 0.001
w 1056 128 960 128 0
w 960 128 960 80 0
w 1024 80 1024 96 0
w 1024 96 1072 96 0
w 1072 96 1072 128 0
w 1088 80 1088 128 0
w 1152 96 1104 96 0
w 1104 96 1104 128 0
w 1152 96 1152 80 0
w 1216 80 1216 112 0
w 1216 112 1120 112 0
w 1120 112 1120 128 0
g 960 16 960 -16 0 0
w 960 16 1024 16 0
w 1024 16 1088 16 0
w 1088 16 1152 16 0
w 1152 16 1216 16 0
w 1200 336 1248 336 0
S 1248 336 1248 272 0 0 false 0 2
w 1088 272 1088 192 0
w 1088 272 1088 320 0
r 1088 272 1152 272 0 500
174 1152 272 1216 272 1 10000 0.9851000000000001 50_duty
w 1216 256 1216 272 0
w 1216 272 1232 272 0
r 1088 400 1024 400 0 1000
g 1024 400 1024 432 0 0
w 1088 352 1088 400 0
r 1088 400 1152 400 0 3920
w 1152 400 1248 400 0
w 1248 400 1248 336 0
d 1328 272 1392 272 2 default
d 1392 224 1328 224 2 default
174 1456 272 1392 256 1 10000 0.9851000000000001 duty2
174 1392 224 1456 224 1 10000 0.005 duty1
w 1456 224 1456 240 0
w 1456 272 1456 256 0
w 1264 272 1328 272 0
w 1328 272 1328 224 0
w 1424 208 1424 192 0
w 1424 192 1456 192 0
w 1456 192 1456 224 0
w 1456 240 1424 240 0
w 1424 240 1424 256 0
w 1456 256 1456 240 0
w 1424 192 1152 192 0
r 1088 192 1152 192 0 340
a 1408 352 1520 352 8 15 -15 1000000 -13.930098267857687 -13.930237568840367 100000
g 1280 400 1280 416 0 0
174 1280 336 1296 384 1 10000 0.005 Resistance
w 1280 336 1248 336 0
w 1296 368 1408 368 0
x 1413 415 1517 418 4 24 BUF634A
w 1520 352 1520 304 0
w 1520 304 1408 304 0
w 1408 304 1408 336 0
a 1424 64 1536 64 8 12 -12 1000000 -0.4577925461733483 -0.45781044791172104 100000
w 1152 256 1152 272 0
w 1184 256 1216 256 0
174 1664 64 1744 96 1 10000 0.9950000000000001 50_duty
w 1088 192 1424 80 0
g 1312 16 1296 16 0 0
O 1536 64 1584 64 0 0
g 1136 128 1184 128 0 0
w 1536 64 1536 16 0
w 1424 16 1424 48 0
r 1360 16 1424 16 0 1000
w 1424 16 1424 -16 0
w 1536 -16 1536 16 0
r 1536 -16 1424 -16 0 3900
r 1312 16 1360 16 0 340
o 0 4 0 37898 20 0.1 0 1
o 3 1 0 13322 2.9211577054045756 0.0001 1 1
o 30 1 0 20481 5 0.00625 2 4 30 3 56 0 56 3
o 73 1 0 4098 20 0.1 3 1
